12	1	 5.695075e-01	 5.695464e-03
12	2	 4.040881e-01	 4.041420e-03
12	3	 3.164437e-01	 3.165274e-03
12	4	 2.595058e-01	 2.596341e-03
12	5	 2.179681e-01	 2.181552e-03
12	6	 1.856246e-01	 1.858862e-03
12	7	 1.593819e-01	 1.597299e-03
12	8	 1.375307e-01	 1.379820e-03
12	9	 1.190381e-01	 1.196064e-03
12	10	 1.032547e-01	 1.039542e-03
12	11	 8.968221e-02	 9.053804e-04
12	12	 7.795769e-02	 7.898354e-04
12	13	 6.777620e-02	 6.898467e-04
12	14	 5.891603e-02	 6.033452e-04
12	15	 5.121732e-02	 5.286682e-04
12	16	 4.457171e-02	 4.648193e-04
12	17	 3.879808e-02	 4.099774e-04
12	18	 3.373958e-02	 3.625471e-04
12	19	 2.938280e-02	 3.223602e-04
12	20	 2.559336e-02	 2.883047e-04
12	21	 2.231541e-02	 2.595279e-04
12	22	 1.944529e-02	 2.350670e-04
12	23	 1.692509e-02	 2.145636e-04
12	24	 1.469899e-02	 1.971781e-04
12	25	 1.277262e-02	 1.828980e-04
12	26	 1.113263e-02	 1.717353e-04
12	27	 9.705154e-03	 1.628565e-04
12	28	 8.451352e-03	 1.559381e-04
12	29	 7.368651e-03	 1.506225e-04
12	30	 6.444928e-03	 1.461374e-04
12	31	 5.649396e-03	 1.427813e-04
12	32	 4.952409e-03	 1.398646e-04
12	33	 4.366699e-03	 1.380271e-04
12	34	 3.845233e-03	 1.370244e-04
12	35	 3.391983e-03	 1.363844e-04
12	36	 2.971901e-03	 1.356705e-04
12	37	 2.641450e-03	 1.355900e-04
12	38	 2.332687e-03	 1.355397e-04
12	39	 2.066777e-03	 1.355825e-04
12	40	 1.850601e-03	 1.363241e-04
12	41	 1.603457e-03	 1.371850e-04
12	42	 1.409659e-03	 1.386595e-04
12	43	 1.250107e-03	 1.407840e-04
12	44	 1.090072e-03	 1.432057e-04
12	45	 9.431803e-04	 1.463706e-04
12	46	 8.153355e-04	 1.496549e-04
12	47	 7.300913e-04	 1.534005e-04
12	48	 6.673837e-04	 1.576119e-04
12	49	 6.356647e-04	 1.625538e-04
12	50	 6.117169e-04	 1.676949e-04
12	51	 5.912585e-04	 1.722763e-04
12	52	 5.714104e-04	 1.769327e-04
12	53	 5.239564e-04	 1.810313e-04
12	54	 5.225705e-04	 1.838235e-04
12	55	 5.239564e-04	 1.810313e-04
12	56	 5.714104e-04	 1.769327e-04
12	57	 5.912585e-04	 1.722763e-04
12	58	 6.117169e-04	 1.676949e-04
12	59	 6.356647e-04	 1.625538e-04
12	60	 6.673837e-04	 1.576119e-04
12	61	 7.300913e-04	 1.534005e-04
12	62	 8.153355e-04	 1.496549e-04
12	63	 9.431803e-04	 1.463706e-04
12	64	 1.090072e-03	 1.432057e-04
12	65	 1.250107e-03	 1.407840e-04
12	66	 1.409659e-03	 1.386595e-04
12	67	 1.603457e-03	 1.371850e-04
12	68	 1.850601e-03	 1.363241e-04
12	69	 2.066777e-03	 1.355825e-04
12	70	 2.332687e-03	 1.355397e-04
12	71	 2.641450e-03	 1.355900e-04
12	72	 2.971901e-03	 1.356705e-04
12	73	 3.391983e-03	 1.363844e-04
12	74	 3.845233e-03	 1.370244e-04
12	75	 4.366699e-03	 1.380271e-04
12	76	 4.952409e-03	 1.398646e-04
12	77	 5.649396e-03	 1.427813e-04
12	78	 6.444928e-03	 1.461374e-04
12	79	 7.368651e-03	 1.506225e-04
12	80	 8.451352e-03	 1.559381e-04
12	81	 9.705154e-03	 1.628565e-04
12	82	 1.113263e-02	 1.717353e-04
12	83	 1.277262e-02	 1.828980e-04
12	84	 1.469899e-02	 1.971781e-04
12	85	 1.692509e-02	 2.145636e-04
12	86	 1.944529e-02	 2.350670e-04
12	87	 2.231541e-02	 2.595279e-04
12	88	 2.559336e-02	 2.883047e-04
12	89	 2.938280e-02	 3.223602e-04
12	90	 3.373958e-02	 3.625471e-04
12	91	 3.879808e-02	 4.099774e-04
12	92	 4.457171e-02	 4.648193e-04
12	93	 5.121732e-02	 5.286682e-04
12	94	 5.891603e-02	 6.033452e-04
12	95	 6.777620e-02	 6.898467e-04
12	96	 7.795769e-02	 7.898354e-04
12	97	 8.968221e-02	 9.053804e-04
12	98	 1.032547e-01	 1.039542e-03
12	99	 1.190381e-01	 1.196064e-03
12	100	 1.375307e-01	 1.379820e-03
12	101	 1.593819e-01	 1.597299e-03
12	102	 1.856246e-01	 1.858862e-03
12	103	 2.179681e-01	 2.181552e-03
12	104	 2.595058e-01	 2.596341e-03
12	105	 3.164437e-01	 3.165274e-03
12	106	 4.040881e-01	 4.041420e-03
12	107	 5.695075e-01	 5.695464e-03
12	108	 1.000000e+00	 1.000050e-02
24	1	 5.682846e-01	 5.683185e-03
24	2	 4.028142e-01	 4.028525e-03
24	3	 3.160376e-01	 3.160896e-03
24	4	 2.606672e-01	 2.607407e-03
24	5	 2.211750e-01	 2.212784e-03
24	6	 1.910879e-01	 1.912271e-03
24	7	 1.671610e-01	 1.673426e-03
24	8	 1.475492e-01	 1.477808e-03
24	9	 1.311603e-01	 1.314482e-03
24	10	 1.171755e-01	 1.175233e-03
24	11	 1.051074e-01	 1.055245e-03
24	12	 9.460174e-02	 9.509569e-04
24	13	 8.537596e-02	 8.595161e-04
24	14	 7.720464e-02	 7.787480e-04
24	15	 6.994566e-02	 7.071648e-04
24	16	 6.341776e-02	 6.429885e-04
24	17	 5.759552e-02	 5.859151e-04
24	18	 5.236554e-02	 5.348405e-04
24	19	 4.766495e-02	 4.891553e-04
24	20	 4.340181e-02	 4.480417e-04
24	21	 3.950674e-02	 4.106882e-04
24	22	 3.600914e-02	 3.775056e-04
24	23	 3.283388e-02	 3.475053e-04
24	24	 2.995804e-02	 3.207460e-04
24	25	 2.733632e-02	 2.964996e-04
24	26	 2.497258e-02	 2.750770e-04
24	27	 2.279217e-02	 2.555262e-04
24	28	 2.078583e-02	 2.377992e-04
24	29	 1.899245e-02	 2.223313e-04
24	30	 1.736736e-02	 2.089206e-04
24	31	 1.588641e-02	 1.969849e-04
24	32	 1.455895e-02	 1.864990e-04
24	33	 1.335263e-02	 1.776089e-04
24	34	 1.228850e-02	 1.701329e-04
24	35	 1.131573e-02	 1.636492e-04
24	36	 1.040377e-02	 1.579275e-04
24	37	 9.573130e-03	 1.532509e-04
24	38	 8.839470e-03	 1.497679e-04
24	39	 8.200523e-03	 1.471026e-04
24	40	 7.612572e-03	 1.449668e-04
24	41	 7.093731e-03	 1.435224e-04
24	42	 6.624749e-03	 1.429738e-04
24	43	 6.209143e-03	 1.429359e-04
24	44	 5.833507e-03	 1.433727e-04
24	45	 5.498539e-03	 1.440241e-04
24	46	 5.201501e-03	 1.448289e-04
24	47	 4.947890e-03	 1.462335e-04
24	48	 4.755848e-03	 1.479984e-04
24	49	 4.578467e-03	 1.495036e-04
24	50	 4.437368e-03	 1.517714e-04
24	51	 4.322209e-03	 1.539314e-04
24	52	 4.249535e-03	 1.562795e-04
24	53	 4.210571e-03	 1.582236e-04
24	54	 4.221032e-03	 1.597340e-04
24	55	 4.210571e-03	 1.582236e-04
24	56	 4.249535e-03	 1.562795e-04
24	57	 4.322209e-03	 1.539314e-04
24	58	 4.437368e-03	 1.517714e-04
24	59	 4.578467e-03	 1.495036e-04
24	60	 4.755848e-03	 1.479984e-04
24	61	 4.947890e-03	 1.462335e-04
24	62	 5.201501e-03	 1.448289e-04
24	63	 5.498539e-03	 1.440241e-04
24	64	 5.833507e-03	 1.433727e-04
24	65	 6.209143e-03	 1.429359e-04
24	66	 6.624749e-03	 1.429738e-04
24	67	 7.093731e-03	 1.435224e-04
24	68	 7.612572e-03	 1.449668e-04
24	69	 8.200523e-03	 1.471026e-04
24	70	 8.839470e-03	 1.497679e-04
24	71	 9.573130e-03	 1.532509e-04
24	72	 1.040377e-02	 1.579275e-04
24	73	 1.131573e-02	 1.636492e-04
24	74	 1.228850e-02	 1.701329e-04
24	75	 1.335263e-02	 1.776089e-04
24	76	 1.455895e-02	 1.864990e-04
24	77	 1.588641e-02	 1.969849e-04
24	78	 1.736736e-02	 2.089206e-04
24	79	 1.899245e-02	 2.223313e-04
24	80	 2.078583e-02	 2.377992e-04
24	81	 2.279217e-02	 2.555262e-04
24	82	 2.497258e-02	 2.750770e-04
24	83	 2.733632e-02	 2.964996e-04
24	84	 2.995804e-02	 3.207460e-04
24	85	 3.283388e-02	 3.475053e-04
24	86	 3.600914e-02	 3.775056e-04
24	87	 3.950674e-02	 4.106882e-04
24	88	 4.340181e-02	 4.480417e-04
24	89	 4.766495e-02	 4.891553e-04
24	90	 5.236554e-02	 5.348405e-04
24	91	 5.759552e-02	 5.859151e-04
24	92	 6.341776e-02	 6.429885e-04
24	93	 6.994566e-02	 7.071648e-04
24	94	 7.720464e-02	 7.787480e-04
24	95	 8.537596e-02	 8.595161e-04
24	96	 9.460174e-02	 9.509569e-04
24	97	 1.051074e-01	 1.055245e-03
24	98	 1.171755e-01	 1.175233e-03
24	99	 1.311603e-01	 1.314482e-03
24	100	 1.475492e-01	 1.477808e-03
24	101	 1.671610e-01	 1.673426e-03
24	102	 1.910879e-01	 1.912271e-03
24	103	 2.211750e-01	 2.212784e-03
24	104	 2.606672e-01	 2.607407e-03
24	105	 3.160376e-01	 3.160896e-03
24	106	 4.028142e-01	 4.028525e-03
24	107	 5.682846e-01	 5.683185e-03
24	108	 1.000000e+00	 1.000050e-02
36	1	 5.676127e-01	 5.676447e-03
36	2	 4.015497e-01	 4.015817e-03
36	3	 3.143242e-01	 3.143645e-03
36	4	 2.586514e-01	 2.587069e-03
36	5	 2.189617e-01	 2.190378e-03
36	6	 1.888005e-01	 1.889028e-03
36	7	 1.649034e-01	 1.650368e-03
36	8	 1.453980e-01	 1.455679e-03
36	9	 1.291643e-01	 1.293762e-03
36	10	 1.154189e-01	 1.156786e-03
36	11	 1.036410e-01	 1.039528e-03
36	12	 9.347843e-02	 9.384880e-04
36	13	 8.460064e-02	 8.503279e-04
36	14	 7.677135e-02	 7.727314e-04
36	15	 6.984332e-02	 7.041881e-04
36	16	 6.370108e-02	 6.435120e-04
36	17	 5.820974e-02	 5.894296e-04
36	18	 5.330185e-02	 5.412160e-04
36	19	 4.889814e-02	 4.980675e-04
36	20	 4.489464e-02	 4.590143e-04
36	21	 4.127370e-02	 4.238535e-04
36	22	 3.799607e-02	 3.921384e-04
36	23	 3.502156e-02	 3.634570e-04
36	24	 3.229704e-02	 3.373706e-04
36	25	 2.981119e-02	 3.138424e-04
36	26	 2.751273e-02	 2.923162e-04
36	27	 2.546075e-02	 2.731769e-04
36	28	 2.360276e-02	 2.560935e-04
36	29	 2.187374e-02	 2.403899e-04
36	30	 2.031223e-02	 2.264345e-04
36	31	 1.886954e-02	 2.137571e-04
36	32	 1.753997e-02	 2.024708e-04
36	33	 1.630542e-02	 1.922272e-04
36	34	 1.515380e-02	 1.827461e-04
36	35	 1.410105e-02	 1.744636e-04
36	36	 1.316639e-02	 1.674807e-04
36	37	 1.229705e-02	 1.612308e-04
36	38	 1.149878e-02	 1.558168e-04
36	39	 1.078157e-02	 1.513308e-04
36	40	 1.012993e-02	 1.475029e-04
36	41	 9.539759e-03	 1.443518e-04
36	42	 8.997818e-03	 1.417691e-04
36	43	 8.525124e-03	 1.399520e-04
36	44	 8.087816e-03	 1.388529e-04
36	45	 7.738001e-03	 1.382972e-04
36	46	 7.434502e-03	 1.379743e-04
36	47	 7.158843e-03	 1.381927e-04
36	48	 6.903883e-03	 1.383886e-04
36	49	 6.687244e-03	 1.391292e-04
36	50	 6.514436e-03	 1.398939e-04
36	51	 6.380210e-03	 1.412253e-04
36	52	 6.255942e-03	 1.423804e-04
36	53	 6.213618e-03	 1.438312e-04
36	54	 6.190926e-03	 1.449538e-04
36	55	 6.213618e-03	 1.438312e-04
36	56	 6.255942e-03	 1.423804e-04
36	57	 6.380210e-03	 1.412253e-04
36	58	 6.514436e-03	 1.398939e-04
36	59	 6.687244e-03	 1.391292e-04
36	60	 6.903883e-03	 1.383886e-04
36	61	 7.158843e-03	 1.381927e-04
36	62	 7.434502e-03	 1.379743e-04
36	63	 7.738001e-03	 1.382972e-04
36	64	 8.087816e-03	 1.388529e-04
36	65	 8.525124e-03	 1.399520e-04
36	66	 8.997818e-03	 1.417691e-04
36	67	 9.539759e-03	 1.443518e-04
36	68	 1.012993e-02	 1.475029e-04
36	69	 1.078157e-02	 1.513308e-04
36	70	 1.149878e-02	 1.558168e-04
36	71	 1.229705e-02	 1.612308e-04
36	72	 1.316639e-02	 1.674807e-04
36	73	 1.410105e-02	 1.744636e-04
36	74	 1.515380e-02	 1.827461e-04
36	75	 1.630542e-02	 1.922272e-04
36	76	 1.753997e-02	 2.024708e-04
36	77	 1.886954e-02	 2.137571e-04
36	78	 2.031223e-02	 2.264345e-04
36	79	 2.187374e-02	 2.403899e-04
36	80	 2.360276e-02	 2.560935e-04
36	81	 2.546075e-02	 2.731769e-04
36	82	 2.751273e-02	 2.923162e-04
36	83	 2.981119e-02	 3.138424e-04
36	84	 3.229704e-02	 3.373706e-04
36	85	 3.502156e-02	 3.634570e-04
36	86	 3.799607e-02	 3.921384e-04
36	87	 4.127370e-02	 4.238535e-04
36	88	 4.489464e-02	 4.590143e-04
36	89	 4.889814e-02	 4.980675e-04
36	90	 5.330185e-02	 5.412160e-04
36	91	 5.820974e-02	 5.894296e-04
36	92	 6.370108e-02	 6.435120e-04
36	93	 6.984332e-02	 7.041881e-04
36	94	 7.677135e-02	 7.727314e-04
36	95	 8.460064e-02	 8.503279e-04
36	96	 9.347843e-02	 9.384880e-04
36	97	 1.036410e-01	 1.039528e-03
36	98	 1.154189e-01	 1.156786e-03
36	99	 1.291643e-01	 1.293762e-03
36	100	 1.453980e-01	 1.455679e-03
36	101	 1.649034e-01	 1.650368e-03
36	102	 1.888005e-01	 1.889028e-03
36	103	 2.189617e-01	 2.190378e-03
36	104	 2.586514e-01	 2.587069e-03
36	105	 3.143242e-01	 3.143645e-03
36	106	 4.015497e-01	 4.015817e-03
36	107	 5.676127e-01	 5.676447e-03
36	108	 1.000000e+00	 1.000050e-02
48	1	 5.672219e-01	 5.672530e-03
48	2	 4.007072e-01	 4.007366e-03
48	3	 3.130203e-01	 3.130557e-03
48	4	 2.569088e-01	 2.569551e-03
48	5	 2.168214e-01	 2.168837e-03
48	6	 1.862915e-01	 1.863734e-03
48	7	 1.620687e-01	 1.621750e-03
48	8	 1.423116e-01	 1.424470e-03
48	9	 1.258548e-01	 1.260224e-03
48	10	 1.119832e-01	 1.121876e-03
48	11	 1.001527e-01	 1.003965e-03
48	12	 8.989723e-02	 9.018440e-04
48	13	 8.097832e-02	 8.131252e-04
48	14	 7.314897e-02	 7.353335e-04
48	15	 6.626185e-02	 6.669989e-04
48	16	 6.014050e-02	 6.063505e-04
48	17	 5.472146e-02	 5.527676e-04
48	18	 4.988631e-02	 5.050612e-04
48	19	 4.553491e-02	 4.622214e-04
48	20	 4.163928e-02	 4.239210e-04
48	21	 3.810459e-02	 3.893544e-04
48	22	 3.493674e-02	 3.585181e-04
48	23	 3.207050e-02	 3.307472e-04
48	24	 2.949767e-02	 3.059674e-04
48	25	 2.712695e-02	 2.832585e-04
48	26	 2.498810e-02	 2.629411e-04
48	27	 2.302063e-02	 2.444551e-04
48	28	 2.124444e-02	 2.279336e-04
48	29	 1.960046e-02	 2.129200e-04
48	30	 1.812243e-02	 1.995412e-04
48	31	 1.675837e-02	 1.873936e-04
48	32	 1.553370e-02	 1.767230e-04
48	33	 1.440911e-02	 1.669166e-04
48	34	 1.338823e-02	 1.583743e-04
48	35	 1.242538e-02	 1.506251e-04
48	36	 1.157157e-02	 1.441787e-04
48	37	 1.078910e-02	 1.383752e-04
48	38	 1.005803e-02	 1.331721e-04
48	39	 9.421704e-03	 1.289388e-04
48	40	 8.839094e-03	 1.253108e-04
48	41	 8.309404e-03	 1.221938e-04
48	42	 7.846323e-03	 1.198064e-04
48	43	 7.433520e-03	 1.179293e-04
48	44	 7.048759e-03	 1.162860e-04
48	45	 6.706266e-03	 1.153610e-04
48	46	 6.412128e-03	 1.148448e-04
48	47	 6.148119e-03	 1.149313e-04
48	48	 5.925710e-03	 1.151795e-04
48	49	 5.744573e-03	 1.157477e-04
48	50	 5.586963e-03	 1.166407e-04
48	51	 5.463629e-03	 1.178442e-04
48	52	 5.372496e-03	 1.191442e-04
48	53	 5.314491e-03	 1.202639e-04
48	54	 5.286086e-03	 1.211177e-04
48	55	 5.314491e-03	 1.202639e-04
48	56	 5.372496e-03	 1.191442e-04
48	57	 5.463629e-03	 1.178442e-04
48	58	 5.586963e-03	 1.166407e-04
48	59	 5.744573e-03	 1.157477e-04
48	60	 5.925710e-03	 1.151795e-04
48	61	 6.148119e-03	 1.149313e-04
48	62	 6.412128e-03	 1.148448e-04
48	63	 6.706266e-03	 1.153610e-04
48	64	 7.048759e-03	 1.162860e-04
48	65	 7.433520e-03	 1.179293e-04
48	66	 7.846323e-03	 1.198064e-04
48	67	 8.309404e-03	 1.221938e-04
48	68	 8.839094e-03	 1.253108e-04
48	69	 9.421704e-03	 1.289388e-04
48	70	 1.005803e-02	 1.331721e-04
48	71	 1.078910e-02	 1.383752e-04
48	72	 1.157157e-02	 1.441787e-04
48	73	 1.242538e-02	 1.506251e-04
48	74	 1.338823e-02	 1.583743e-04
48	75	 1.440911e-02	 1.669166e-04
48	76	 1.553370e-02	 1.767230e-04
48	77	 1.675837e-02	 1.873936e-04
48	78	 1.812243e-02	 1.995412e-04
48	79	 1.960046e-02	 2.129200e-04
48	80	 2.124444e-02	 2.279336e-04
48	81	 2.302063e-02	 2.444551e-04
48	82	 2.498810e-02	 2.629411e-04
48	83	 2.712695e-02	 2.832585e-04
48	84	 2.949767e-02	 3.059674e-04
48	85	 3.207050e-02	 3.307472e-04
48	86	 3.493674e-02	 3.585181e-04
48	87	 3.810459e-02	 3.893544e-04
48	88	 4.163928e-02	 4.239210e-04
48	89	 4.553491e-02	 4.622214e-04
48	90	 4.988631e-02	 5.050612e-04
48	91	 5.472146e-02	 5.527676e-04
48	92	 6.014050e-02	 6.063505e-04
48	93	 6.626185e-02	 6.669989e-04
48	94	 7.314897e-02	 7.353335e-04
48	95	 8.097832e-02	 8.131252e-04
48	96	 8.989723e-02	 9.018440e-04
48	97	 1.001527e-01	 1.003965e-03
48	98	 1.119832e-01	 1.121876e-03
48	99	 1.258548e-01	 1.260224e-03
48	100	 1.423116e-01	 1.424470e-03
48	101	 1.620687e-01	 1.621750e-03
48	102	 1.862915e-01	 1.863734e-03
48	103	 2.168214e-01	 2.168837e-03
48	104	 2.569088e-01	 2.569551e-03
48	105	 3.130203e-01	 3.130557e-03
48	106	 4.007072e-01	 4.007366e-03
48	107	 5.672219e-01	 5.672530e-03
48	108	 1.000000e+00	 1.000050e-02
60	1	 5.669165e-01	 5.669471e-03
60	2	 4.001083e-01	 4.001356e-03
60	3	 3.120780e-01	 3.121090e-03
60	4	 2.556329e-01	 2.556723e-03
60	5	 2.152434e-01	 2.152953e-03
60	6	 1.844229e-01	 1.844911e-03
60	7	 1.599359e-01	 1.600238e-03
60	8	 1.399683e-01	 1.400800e-03
60	9	 1.233431e-01	 1.234815e-03
60	10	 1.093240e-01	 1.094916e-03
60	11	 9.733398e-02	 9.753346e-04
60	12	 8.699112e-02	 8.722672e-04
60	13	 7.799523e-02	 7.826964e-04
60	14	 7.011936e-02	 7.043805e-04
60	15	 6.321515e-02	 6.357863e-04
60	16	 5.707893e-02	 5.749275e-04
60	17	 5.165153e-02	 5.211859e-04
60	18	 4.681962e-02	 4.734138e-04
60	19	 4.251900e-02	 4.310199e-04
60	20	 3.868136e-02	 3.932645e-04
60	21	 3.520745e-02	 3.592425e-04
60	22	 3.211749e-02	 3.290619e-04
60	23	 2.932067e-02	 3.019366e-04
60	24	 2.679305e-02	 2.775254e-04
60	25	 2.452085e-02	 2.557428e-04
60	26	 2.246437e-02	 2.361867e-04
60	27	 2.061247e-02	 2.186814e-04
60	28	 1.894089e-02	 2.030433e-04
60	29	 1.741100e-02	 1.889231e-04
60	30	 1.603407e-02	 1.764411e-04
60	31	 1.478614e-02	 1.652783e-04
60	32	 1.364727e-02	 1.552117e-04
60	33	 1.262442e-02	 1.463702e-04
60	34	 1.168921e-02	 1.385897e-04
60	35	 1.081543e-02	 1.314839e-04
60	36	 1.004090e-02	 1.253785e-04
60	37	 9.350070e-03	 1.201608e-04
60	38	 8.702351e-03	 1.154801e-04
60	39	 8.125637e-03	 1.115122e-04
60	40	 7.605284e-03	 1.080447e-04
60	41	 7.142711e-03	 1.054354e-04
60	42	 6.727400e-03	 1.032495e-04
60	43	 6.346570e-03	 1.013802e-04
60	44	 6.002540e-03	 1.001143e-04
60	45	 5.704857e-03	 9.931430e-05
60	46	 5.452120e-03	 9.885251e-05
60	47	 5.219495e-03	 9.873139e-05
60	48	 5.018354e-03	 9.891161e-05
60	49	 4.857346e-03	 9.942730e-05
60	50	 4.710038e-03	 1.002275e-04
60	51	 4.605750e-03	 1.014091e-04
60	52	 4.531846e-03	 1.027905e-04
60	53	 4.490914e-03	 1.039577e-04
60	54	 4.473839e-03	 1.047176e-04
60	55	 4.490914e-03	 1.039577e-04
60	56	 4.531846e-03	 1.027905e-04
60	57	 4.605750e-03	 1.014091e-04
60	58	 4.710038e-03	 1.002275e-04
60	59	 4.857346e-03	 9.942730e-05
60	60	 5.018354e-03	 9.891161e-05
60	61	 5.219495e-03	 9.873139e-05
60	62	 5.452120e-03	 9.885251e-05
60	63	 5.704857e-03	 9.931430e-05
60	64	 6.002540e-03	 1.001143e-04
60	65	 6.346570e-03	 1.013802e-04
60	66	 6.727400e-03	 1.032495e-04
60	67	 7.142711e-03	 1.054354e-04
60	68	 7.605284e-03	 1.080447e-04
60	69	 8.125637e-03	 1.115122e-04
60	70	 8.702351e-03	 1.154801e-04
60	71	 9.350070e-03	 1.201608e-04
60	72	 1.004090e-02	 1.253785e-04
60	73	 1.081543e-02	 1.314839e-04
60	74	 1.168921e-02	 1.385897e-04
60	75	 1.262442e-02	 1.463702e-04
60	76	 1.364727e-02	 1.552117e-04
60	77	 1.478614e-02	 1.652783e-04
60	78	 1.603407e-02	 1.764411e-04
60	79	 1.741100e-02	 1.889231e-04
60	80	 1.894089e-02	 2.030433e-04
60	81	 2.061247e-02	 2.186814e-04
60	82	 2.246437e-02	 2.361867e-04
60	83	 2.452085e-02	 2.557428e-04
60	84	 2.679305e-02	 2.775254e-04
60	85	 2.932067e-02	 3.019366e-04
60	86	 3.211749e-02	 3.290619e-04
60	87	 3.520745e-02	 3.592425e-04
60	88	 3.868136e-02	 3.932645e-04
60	89	 4.251900e-02	 4.310199e-04
60	90	 4.681962e-02	 4.734138e-04
60	91	 5.165153e-02	 5.211859e-04
60	92	 5.707893e-02	 5.749275e-04
60	93	 6.321515e-02	 6.357863e-04
60	94	 7.011936e-02	 7.043805e-04
60	95	 7.799523e-02	 7.826964e-04
60	96	 8.699112e-02	 8.722672e-04
60	97	 9.733398e-02	 9.753346e-04
60	98	 1.093240e-01	 1.094916e-03
60	99	 1.233431e-01	 1.234815e-03
60	100	 1.399683e-01	 1.400800e-03
60	101	 1.599359e-01	 1.600238e-03
60	102	 1.844229e-01	 1.844911e-03
60	103	 2.152434e-01	 2.152953e-03
60	104	 2.556329e-01	 2.556723e-03
60	105	 3.120780e-01	 3.121090e-03
60	106	 4.001083e-01	 4.001356e-03
60	107	 5.669165e-01	 5.669471e-03
60	108	 1.000000e+00	 1.000050e-02
72	1	 5.667445e-01	 5.667746e-03
72	2	 3.997446e-01	 3.997707e-03
72	3	 3.115478e-01	 3.115761e-03
72	4	 2.549298e-01	 2.549650e-03
72	5	 2.143988e-01	 2.144443e-03
72	6	 1.834687e-01	 1.835280e-03
72	7	 1.588983e-01	 1.589745e-03
72	8	 1.388266e-01	 1.389217e-03
72	9	 1.221128e-01	 1.222299e-03
72	10	 1.080156e-01	 1.081578e-03
72	11	 9.596111e-02	 9.613069e-04
72	12	 8.555804e-02	 8.575686e-04
72	13	 7.654042e-02	 7.677220e-04
72	14	 6.864119e-02	 6.890796e-04
72	15	 6.171003e-02	 6.201710e-04
72	16	 5.558449e-02	 5.593240e-04
72	17	 5.014528e-02	 5.053594e-04
72	18	 4.530768e-02	 4.574396e-04
72	19	 4.100527e-02	 4.149267e-04
72	20	 3.716346e-02	 3.770443e-04
72	21	 3.373406e-02	 3.433285e-04
72	22	 3.063391e-02	 3.129521e-04
72	23	 2.785751e-02	 2.857996e-04
72	24	 2.535333e-02	 2.614482e-04
72	25	 2.311099e-02	 2.397832e-04
72	26	 2.107091e-02	 2.201780e-04
72	27	 1.925063e-02	 2.028082e-04
72	28	 1.757958e-02	 1.870465e-04
72	29	 1.607753e-02	 1.730020e-04
72	30	 1.472719e-02	 1.605252e-04
72	31	 1.348371e-02	 1.491776e-04
72	32	 1.237214e-02	 1.392297e-04
72	33	 1.136652e-02	 1.304394e-04
72	34	 1.046216e-02	 1.226651e-04
72	35	 9.648782e-03	 1.159097e-04
72	36	 8.910078e-03	 1.100999e-04
72	37	 8.227093e-03	 1.048373e-04
72	38	 7.620647e-03	 1.003548e-04
72	39	 7.067824e-03	 9.649363e-05
72	40	 6.582599e-03	 9.346294e-05
72	41	 6.141210e-03	 9.101415e-05
72	42	 5.751910e-03	 8.902194e-05
72	43	 5.399094e-03	 8.751344e-05
72	44	 5.090730e-03	 8.628451e-05
72	45	 4.818797e-03	 8.541485e-05
72	46	 4.569724e-03	 8.491633e-05
72	47	 4.371587e-03	 8.495076e-05
72	48	 4.191774e-03	 8.544183e-05
72	49	 4.034137e-03	 8.600661e-05
72	50	 3.907680e-03	 8.694241e-05
72	51	 3.813205e-03	 8.800649e-05
72	52	 3.744106e-03	 8.911794e-05
72	53	 3.694322e-03	 9.016173e-05
72	54	 3.700360e-03	 9.103638e-05
72	55	 3.694322e-03	 9.016173e-05
72	56	 3.744106e-03	 8.911794e-05
72	57	 3.813205e-03	 8.800649e-05
72	58	 3.907680e-03	 8.694241e-05
72	59	 4.034137e-03	 8.600661e-05
72	60	 4.191774e-03	 8.544183e-05
72	61	 4.371587e-03	 8.495076e-05
72	62	 4.569724e-03	 8.491633e-05
72	63	 4.818797e-03	 8.541485e-05
72	64	 5.090730e-03	 8.628451e-05
72	65	 5.399094e-03	 8.751344e-05
72	66	 5.751910e-03	 8.902194e-05
72	67	 6.141210e-03	 9.101415e-05
72	68	 6.582599e-03	 9.346294e-05
72	69	 7.067824e-03	 9.649363e-05
72	70	 7.620647e-03	 1.003548e-04
72	71	 8.227093e-03	 1.048373e-04
72	72	 8.910078e-03	 1.100999e-04
72	73	 9.648782e-03	 1.159097e-04
72	74	 1.046216e-02	 1.226651e-04
72	75	 1.136652e-02	 1.304394e-04
72	76	 1.237214e-02	 1.392297e-04
72	77	 1.348371e-02	 1.491776e-04
72	78	 1.472719e-02	 1.605252e-04
72	79	 1.607753e-02	 1.730020e-04
72	80	 1.757958e-02	 1.870465e-04
72	81	 1.925063e-02	 2.028082e-04
72	82	 2.107091e-02	 2.201780e-04
72	83	 2.311099e-02	 2.397832e-04
72	84	 2.535333e-02	 2.614482e-04
72	85	 2.785751e-02	 2.857996e-04
72	86	 3.063391e-02	 3.129521e-04
72	87	 3.373406e-02	 3.433285e-04
72	88	 3.716346e-02	 3.770443e-04
72	89	 4.100527e-02	 4.149267e-04
72	90	 4.530768e-02	 4.574396e-04
72	91	 5.014528e-02	 5.053594e-04
72	92	 5.558449e-02	 5.593240e-04
72	93	 6.171003e-02	 6.201710e-04
72	94	 6.864119e-02	 6.890796e-04
72	95	 7.654042e-02	 7.677220e-04
72	96	 8.555804e-02	 8.575686e-04
72	97	 9.596111e-02	 9.613069e-04
72	98	 1.080156e-01	 1.081578e-03
72	99	 1.221128e-01	 1.222299e-03
72	100	 1.388266e-01	 1.389217e-03
72	101	 1.588983e-01	 1.589745e-03
72	102	 1.834687e-01	 1.835280e-03
72	103	 2.143988e-01	 2.144443e-03
72	104	 2.549298e-01	 2.549650e-03
72	105	 3.115478e-01	 3.115761e-03
72	106	 3.997446e-01	 3.997707e-03
72	107	 5.667445e-01	 5.667746e-03
72	108	 1.000000e+00	 1.000050e-02
84	1	 5.667524e-01	 5.667823e-03
84	2	 3.997314e-01	 3.997568e-03
84	3	 3.114983e-01	 3.115252e-03
84	4	 2.548538e-01	 2.548861e-03
84	5	 2.142848e-01	 2.143256e-03
84	6	 1.833089e-01	 1.833608e-03
84	7	 1.587079e-01	 1.587738e-03
84	8	 1.386120e-01	 1.386943e-03
84	9	 1.218974e-01	 1.219984e-03
84	10	 1.077739e-01	 1.078959e-03
84	11	 9.569667e-02	 9.584302e-04
84	12	 8.529182e-02	 8.546452e-04
84	13	 7.626082e-02	 7.646186e-04
84	14	 6.834031e-02	 6.856963e-04
84	15	 6.136477e-02	 6.162628e-04
84	16	 5.523050e-02	 5.552512e-04
84	17	 4.979823e-02	 5.012822e-04
84	18	 4.495252e-02	 4.531795e-04
84	19	 4.062786e-02	 4.103554e-04
84	20	 3.676161e-02	 3.721475e-04
84	21	 3.329951e-02	 3.380287e-04
84	22	 3.019980e-02	 3.075505e-04
84	23	 2.742618e-02	 2.803723e-04
84	24	 2.494084e-02	 2.561030e-04
84	25	 2.268777e-02	 2.341849e-04
84	26	 2.063504e-02	 2.143467e-04
84	27	 1.877435e-02	 1.964904e-04
84	28	 1.712344e-02	 1.807506e-04
84	29	 1.562291e-02	 1.665961e-04
84	30	 1.427610e-02	 1.540357e-04
84	31	 1.304584e-02	 1.427784e-04
84	32	 1.192157e-02	 1.326160e-04
84	33	 1.089402e-02	 1.235390e-04
84	34	 9.980780e-03	 1.156835e-04
84	35	 9.150046e-03	 1.086937e-04
84	36	 8.394052e-03	 1.024680e-04
84	37	 7.730297e-03	 9.725055e-05
84	38	 7.117776e-03	 9.269465e-05
84	39	 6.583346e-03	 8.890638e-05
84	40	 6.099780e-03	 8.571357e-05
84	41	 5.676685e-03	 8.313627e-05
84	42	 5.294467e-03	 8.116817e-05
84	43	 4.936644e-03	 7.952353e-05
84	44	 4.627838e-03	 7.830894e-05
84	45	 4.342287e-03	 7.753605e-05
84	46	 4.117753e-03	 7.713176e-05
84	47	 3.911528e-03	 7.698069e-05
84	48	 3.725441e-03	 7.718211e-05
84	49	 3.572272e-03	 7.789342e-05
84	50	 3.451729e-03	 7.875285e-05
84	51	 3.364486e-03	 7.967746e-05
84	52	 3.317758e-03	 8.085171e-05
84	53	 3.278440e-03	 8.207262e-05
84	54	 3.270492e-03	 8.273315e-05
84	55	 3.278440e-03	 8.207262e-05
84	56	 3.317758e-03	 8.085171e-05
84	57	 3.364486e-03	 7.967746e-05
84	58	 3.451729e-03	 7.875285e-05
84	59	 3.572272e-03	 7.789342e-05
84	60	 3.725441e-03	 7.718211e-05
84	61	 3.911528e-03	 7.698069e-05
84	62	 4.117753e-03	 7.713176e-05
84	63	 4.342287e-03	 7.753605e-05
84	64	 4.627838e-03	 7.830894e-05
84	65	 4.936644e-03	 7.952353e-05
84	66	 5.294467e-03	 8.116817e-05
84	67	 5.676685e-03	 8.313627e-05
84	68	 6.099780e-03	 8.571357e-05
84	69	 6.583346e-03	 8.890638e-05
84	70	 7.117776e-03	 9.269465e-05
84	71	 7.730297e-03	 9.725055e-05
84	72	 8.394052e-03	 1.024680e-04
84	73	 9.150046e-03	 1.086937e-04
84	74	 9.980780e-03	 1.156835e-04
84	75	 1.089402e-02	 1.235390e-04
84	76	 1.192157e-02	 1.326160e-04
84	77	 1.304584e-02	 1.427784e-04
84	78	 1.427610e-02	 1.540357e-04
84	79	 1.562291e-02	 1.665961e-04
84	80	 1.712344e-02	 1.807506e-04
84	81	 1.877435e-02	 1.964904e-04
84	82	 2.063504e-02	 2.143467e-04
84	83	 2.268777e-02	 2.341849e-04
84	84	 2.494084e-02	 2.561030e-04
84	85	 2.742618e-02	 2.803723e-04
84	86	 3.019980e-02	 3.075505e-04
84	87	 3.329951e-02	 3.380287e-04
84	88	 3.676161e-02	 3.721475e-04
84	89	 4.062786e-02	 4.103554e-04
84	90	 4.495252e-02	 4.531795e-04
84	91	 4.979823e-02	 5.012822e-04
84	92	 5.523050e-02	 5.552512e-04
84	93	 6.136477e-02	 6.162628e-04
84	94	 6.834031e-02	 6.856963e-04
84	95	 7.626082e-02	 7.646186e-04
84	96	 8.529182e-02	 8.546452e-04
84	97	 9.569667e-02	 9.584302e-04
84	98	 1.077739e-01	 1.078959e-03
84	99	 1.218974e-01	 1.219984e-03
84	100	 1.386120e-01	 1.386943e-03
84	101	 1.587079e-01	 1.587738e-03
84	102	 1.833089e-01	 1.833608e-03
84	103	 2.142848e-01	 2.143256e-03
84	104	 2.548538e-01	 2.548861e-03
84	105	 3.114983e-01	 3.115252e-03
84	106	 3.997314e-01	 3.997568e-03
84	107	 5.667524e-01	 5.667823e-03
84	108	 1.000000e+00	 1.000050e-02
96	1	 5.667063e-01	 5.667360e-03
96	2	 3.996767e-01	 3.997013e-03
96	3	 3.114648e-01	 3.114901e-03
96	4	 2.548341e-01	 2.548638e-03
96	5	 2.142749e-01	 2.143114e-03
96	6	 1.833113e-01	 1.833571e-03
96	7	 1.587150e-01	 1.587724e-03
96	8	 1.386270e-01	 1.386981e-03
96	9	 1.219003e-01	 1.219872e-03
96	10	 1.077591e-01	 1.078637e-03
96	11	 9.566918e-02	 9.579367e-04
96	12	 8.523894e-02	 8.538588e-04
96	13	 7.619073e-02	 7.636261e-04
96	14	 6.827627e-02	 6.847533e-04
96	15	 6.132495e-02	 6.155158e-04
96	16	 5.517740e-02	 5.543485e-04
96	17	 4.973538e-02	 5.002663e-04
96	18	 4.489597e-02	 4.522326e-04
96	19	 4.059713e-02	 4.096268e-04
96	20	 3.674133e-02	 3.714591e-04
96	21	 3.330768e-02	 3.375379e-04
96	22	 3.022979e-02	 3.072022e-04
96	23	 2.747107e-02	 2.801023e-04
96	24	 2.497019e-02	 2.556350e-04
96	25	 2.271142e-02	 2.336046e-04
96	26	 2.068289e-02	 2.139976e-04
96	27	 1.883703e-02	 1.963162e-04
96	28	 1.716832e-02	 1.803588e-04
96	29	 1.567778e-02	 1.661955e-04
96	30	 1.432822e-02	 1.535171e-04
96	31	 1.309727e-02	 1.421538e-04
96	32	 1.197742e-02	 1.319340e-04
96	33	 1.097468e-02	 1.229221e-04
96	34	 1.005669e-02	 1.147921e-04
96	35	 9.232537e-03	 1.076504e-04
96	36	 8.477760e-03	 1.014062e-04
96	37	 7.786015e-03	 9.579946e-05
96	38	 7.184672e-03	 9.116855e-05
96	39	 6.647426e-03	 8.723082e-05
96	40	 6.159263e-03	 8.386491e-05
96	41	 5.715785e-03	 8.102252e-05
96	42	 5.311565e-03	 7.879840e-05
96	43	 4.953452e-03	 7.713048e-05
96	44	 4.623250e-03	 7.592244e-05
96	45	 4.334696e-03	 7.496540e-05
96	46	 4.086668e-03	 7.455152e-05
96	47	 3.872081e-03	 7.451822e-05
96	48	 3.715453e-03	 7.487313e-05
96	49	 3.563444e-03	 7.526041e-05
96	50	 3.443410e-03	 7.594012e-05
96	51	 3.346478e-03	 7.662617e-05
96	52	 3.294533e-03	 7.762489e-05
96	53	 3.271267e-03	 7.869893e-05
96	54	 3.267414e-03	 7.944396e-05
96	55	 3.271267e-03	 7.869893e-05
96	56	 3.294533e-03	 7.762489e-05
96	57	 3.346478e-03	 7.662617e-05
96	58	 3.443410e-03	 7.594012e-05
96	59	 3.563444e-03	 7.526041e-05
96	60	 3.715453e-03	 7.487313e-05
96	61	 3.872081e-03	 7.451822e-05
96	62	 4.086668e-03	 7.455152e-05
96	63	 4.334696e-03	 7.496540e-05
96	64	 4.623250e-03	 7.592244e-05
96	65	 4.953452e-03	 7.713048e-05
96	66	 5.311565e-03	 7.879840e-05
96	67	 5.715785e-03	 8.102252e-05
96	68	 6.159263e-03	 8.386491e-05
96	69	 6.647426e-03	 8.723082e-05
96	70	 7.184672e-03	 9.116855e-05
96	71	 7.786015e-03	 9.579946e-05
96	72	 8.477760e-03	 1.014062e-04
96	73	 9.232537e-03	 1.076504e-04
96	74	 1.005669e-02	 1.147921e-04
96	75	 1.097468e-02	 1.229221e-04
96	76	 1.197742e-02	 1.319340e-04
96	77	 1.309727e-02	 1.421538e-04
96	78	 1.432822e-02	 1.535171e-04
96	79	 1.567778e-02	 1.661955e-04
96	80	 1.716832e-02	 1.803588e-04
96	81	 1.883703e-02	 1.963162e-04
96	82	 2.068289e-02	 2.139976e-04
96	83	 2.271142e-02	 2.336046e-04
96	84	 2.497019e-02	 2.556350e-04
96	85	 2.747107e-02	 2.801023e-04
96	86	 3.022979e-02	 3.072022e-04
96	87	 3.330768e-02	 3.375379e-04
96	88	 3.674133e-02	 3.714591e-04
96	89	 4.059713e-02	 4.096268e-04
96	90	 4.489597e-02	 4.522326e-04
96	91	 4.973538e-02	 5.002663e-04
96	92	 5.517740e-02	 5.543485e-04
96	93	 6.132495e-02	 6.155158e-04
96	94	 6.827627e-02	 6.847533e-04
96	95	 7.619073e-02	 7.636261e-04
96	96	 8.523894e-02	 8.538588e-04
96	97	 9.566918e-02	 9.579367e-04
96	98	 1.077591e-01	 1.078637e-03
96	99	 1.219003e-01	 1.219872e-03
96	100	 1.386270e-01	 1.386981e-03
96	101	 1.587150e-01	 1.587724e-03
96	102	 1.833113e-01	 1.833571e-03
96	103	 2.142749e-01	 2.143114e-03
96	104	 2.548341e-01	 2.548638e-03
96	105	 3.114648e-01	 3.114901e-03
96	106	 3.996767e-01	 3.997013e-03
96	107	 5.667063e-01	 5.667360e-03
96	108	 1.000000e+00	 1.000050e-02
108	1	 5.667317e-01	 5.667613e-03
108	2	 3.997180e-01	 3.997422e-03
108	3	 3.114871e-01	 3.115114e-03
108	4	 2.548304e-01	 2.548582e-03
108	5	 2.142346e-01	 2.142689e-03
108	6	 1.832444e-01	 1.832871e-03
108	7	 1.586135e-01	 1.586671e-03
108	8	 1.385126e-01	 1.385789e-03
108	9	 1.217717e-01	 1.218525e-03
108	10	 1.076222e-01	 1.077190e-03
108	11	 9.552972e-02	 9.564491e-04
108	12	 8.510309e-02	 8.523733e-04
108	13	 7.603352e-02	 7.619019e-04
108	14	 6.812935e-02	 6.831002e-04
108	15	 6.118604e-02	 6.139108e-04
108	16	 5.505884e-02	 5.528923e-04
108	17	 4.961727e-02	 4.987677e-04
108	18	 4.477484e-02	 4.506460e-04
108	19	 4.048806e-02	 4.081037e-04
108	20	 3.665385e-02	 3.701038e-04
108	21	 3.321611e-02	 3.361083e-04
108	22	 3.014439e-02	 3.057948e-04
108	23	 2.739048e-02	 2.786691e-04
108	24	 2.491015e-02	 2.542982e-04
108	25	 2.268967e-02	 2.325635e-04
108	26	 2.066798e-02	 2.128716e-04
108	27	 1.883854e-02	 1.951269e-04
108	28	 1.718824e-02	 1.791949e-04
108	29	 1.570285e-02	 1.649684e-04
108	30	 1.435564e-02	 1.522170e-04
108	31	 1.314700e-02	 1.409202e-04
108	32	 1.204277e-02	 1.307271e-04
108	33	 1.104735e-02	 1.217148e-04
108	34	 1.014273e-02	 1.136120e-04
108	35	 9.326895e-03	 1.064056e-04
108	36	 8.592682e-03	 1.001258e-04
108	37	 7.935682e-03	 9.468149e-05
108	38	 7.323926e-03	 8.981203e-05
108	39	 6.775031e-03	 8.572729e-05
108	40	 6.300935e-03	 8.225109e-05
108	41	 5.862008e-03	 7.943203e-05
108	42	 5.470961e-03	 7.692422e-05
108	43	 5.120973e-03	 7.502014e-05
108	44	 4.819110e-03	 7.360492e-05
108	45	 4.539239e-03	 7.253696e-05
108	46	 4.308076e-03	 7.196660e-05
108	47	 4.111960e-03	 7.164437e-05
108	48	 3.952522e-03	 7.170061e-05
108	49	 3.811482e-03	 7.198970e-05
108	50	 3.703402e-03	 7.249032e-05
108	51	 3.613044e-03	 7.309823e-05
108	52	 3.541081e-03	 7.378382e-05
108	53	 3.500087e-03	 7.472019e-05
108	54	 3.490450e-03	 7.547541e-05
108	55	 3.500087e-03	 7.472019e-05
108	56	 3.541081e-03	 7.378382e-05
108	57	 3.613044e-03	 7.309823e-05
108	58	 3.703402e-03	 7.249032e-05
108	59	 3.811482e-03	 7.198970e-05
108	60	 3.952522e-03	 7.170061e-05
108	61	 4.111960e-03	 7.164437e-05
108	62	 4.308076e-03	 7.196660e-05
108	63	 4.539239e-03	 7.253696e-05
108	64	 4.819110e-03	 7.360492e-05
108	65	 5.120973e-03	 7.502014e-05
108	66	 5.470961e-03	 7.692422e-05
108	67	 5.862008e-03	 7.943203e-05
108	68	 6.300935e-03	 8.225109e-05
108	69	 6.775031e-03	 8.572729e-05
108	70	 7.323926e-03	 8.981203e-05
108	71	 7.935682e-03	 9.468149e-05
108	72	 8.592682e-03	 1.001258e-04
108	73	 9.326895e-03	 1.064056e-04
108	74	 1.014273e-02	 1.136120e-04
108	75	 1.104735e-02	 1.217148e-04
108	76	 1.204277e-02	 1.307271e-04
108	77	 1.314700e-02	 1.409202e-04
108	78	 1.435564e-02	 1.522170e-04
108	79	 1.570285e-02	 1.649684e-04
108	80	 1.718824e-02	 1.791949e-04
108	81	 1.883854e-02	 1.951269e-04
108	82	 2.066798e-02	 2.128716e-04
108	83	 2.268967e-02	 2.325635e-04
108	84	 2.491015e-02	 2.542982e-04
108	85	 2.739048e-02	 2.786691e-04
108	86	 3.014439e-02	 3.057948e-04
108	87	 3.321611e-02	 3.361083e-04
108	88	 3.665385e-02	 3.701038e-04
108	89	 4.048806e-02	 4.081037e-04
108	90	 4.477484e-02	 4.506460e-04
108	91	 4.961727e-02	 4.987677e-04
108	92	 5.505884e-02	 5.528923e-04
108	93	 6.118604e-02	 6.139108e-04
108	94	 6.812935e-02	 6.831002e-04
108	95	 7.603352e-02	 7.619019e-04
108	96	 8.510309e-02	 8.523733e-04
108	97	 9.552972e-02	 9.564491e-04
108	98	 1.076222e-01	 1.077190e-03
108	99	 1.217717e-01	 1.218525e-03
108	100	 1.385126e-01	 1.385789e-03
108	101	 1.586135e-01	 1.586671e-03
108	102	 1.832444e-01	 1.832871e-03
108	103	 2.142346e-01	 2.142689e-03
108	104	 2.548304e-01	 2.548582e-03
108	105	 3.114871e-01	 3.115114e-03
108	106	 3.997180e-01	 3.997422e-03
108	107	 5.667317e-01	 5.667613e-03
108	108	 1.000000e+00	 1.000050e-02
